<?xml version="1.0" encoding="ISO-8859-1"?>

<pomdpx version ="1.0" id="sample" xmlns:xsi="http://www.w3.org/2001/XMLSchema-instance"
      xsi:noNamespaceSchemaLocation="/Users/Milad/Documents/appl-0.96/doc/POMDPX/pomdpx.xsd">

<Description>POMDP model</Description>

<Discount>0.95</Discount>

<Variable>

<StateVar vnamePrev="ps_0" vnameCurr="ps_1" fullyObs="false">
<ValueEnum>a1 a2 a3 a4 a5 a6 a7 a8 a9 a10 a11 a12 a13 a14 a15 a16 a17 a18 a19 a20 a21 a22 a23 a24</ValueEnum>
</StateVar>

<ObsVar vname="measurements">
<NumValues>24</NumValues>
</ObsVar>

<ActionVar vname="action_control">
<ValueEnum>a1 a2 a3 a4 a5 a6 a7 a8 a9 a10 a11 a12 a13 a14 a15 a16 a17 a18 a19 a20 a21 a22 a23 a24</ValueEnum>
</ActionVar>

<RewardVar vname="reward_agent" />
</Variable>

<InitialStateBelief>
<CondProb>
<Var>ps_0</Var>
<Parent>null</Parent>
<Parameter type = "TBL">
<Entry>
<Instance>-</Instance>
<ProbTable>0.0416666666666667 0.0416666666666667 0.0416666666666667 0.0416666666666667 0.0416666666666667 0.0416666666666667 0.0416666666666667 0.0416666666666667 0.0416666666666667 0.0416666666666667 0.0416666666666667 0.0416666666666667 0.0416666666666667 0.0416666666666667 0.0416666666666667 0.0416666666666667 0.0416666666666667 0.0416666666666667 0.0416666666666667 0.0416666666666667 0.0416666666666667 0.0416666666666667 0.0416666666666667 0.0416666666666667</ProbTable>
</Entry>
</Parameter>
</CondProb>

</InitialStateBelief>

<StateTransitionFunction>

<CondProb>
<Var>ps_1</Var>
<Parent>action_control ps_0</Parent>
<Parameter type="TBL">
<Entry>
<Instance>a1 - -</Instance>
<ProbTable>1.0000000000 0.0000000000 0.0000000000 0.0000000000 0.0000000000 0.0000000000 0.0000000000 0.0000000000 0.0000000000 0.0000000000 0.0000000000 0.0000000000 0.0000000000 0.0000000000 0.0000000000 0.0000000000 0.0000000000 0.0000000000 0.0000000000 0.0000000000 0.0000000000 0.0000000000 0.0000000000 0.0000000000
0.0000000000 0.0050000000 0.4620000000 0.4051000000 0.1062000000 0.0184000000 0.0028000000 0.0004000000 0.0001000000 0.0000000000 0.0000000000 0.0000000000 0.0000000000 0.0000000000 0.0000000000 0.0000000000 0.0000000000 0.0000000000 0.0000000000 0.0000000000 0.0000000000 0.0000000000 0.0000000000 0.0000000000
0.0000000000 0.0000000000 0.0045009002 0.1020204041 0.2698539708 0.2815563113 0.1837367473 0.0926185237 0.0402080416 0.0160032006 0.0061012202 0.0022004401 0.0008001600 0.0003000600 0.0001000200 0.0000000000 0.0000000000 0.0000000000 0.0000000000 0.0000000000 0.0000000000 0.0000000000 0.0000000000 0.0000000000
0.0000000000 0.0000000000 0.0000000000 0.0052000000 0.0489000000 0.1375000000 0.2015000000 0.2014000000 0.1584000000 0.1065000000 0.0645000000 0.0363000000 0.0195000000 0.0101000000 0.0051000000 0.0026000000 0.0013000000 0.0006000000 0.0003000000 0.0002000000 0.0001000000 0.0000000000 0.0000000000 0.0000000000
0.0000000000 0.0000000000 0.0000000000 0.0002999700 0.0064993501 0.0352964704 0.0888911109 0.1403859614 0.1640835916 0.1564843516 0.1295870413 0.0968903110 0.0672932707 0.0442955704 0.0279972003 0.0171982802 0.0102989701 0.0060993901 0.0034996500 0.0019998000 0.0011998800 0.0006999300 0.0003999600 0.0005999400
0.0000000000 0.0000000000 0.0000000000 0.0000000000 0.0009999000 0.0083991601 0.0313968603 0.0691930807 0.1078892111 0.1327867213 0.1380861914 0.1268873113 0.1063893611 0.0832916708 0.0617938206 0.0439956004 0.0302969703 0.0203979602 0.0134986501 0.0086991301 0.0055994401 0.0035996400 0.0022997700 0.0044995500
0.0000000000 0.0000000000 0.0000000000 0.0000000000 0.0001999800 0.0021997800 0.0109989001 0.0312968703 0.0607939206 0.0908909109 0.1124887511 0.1210878912 0.1171882812 0.1046895310 0.0877912209 0.0699930007 0.0536946305 0.0399960004 0.0289971003 0.0205979402 0.0143985601 0.0098990101 0.0067993201 0.0159984002
0.0000000000 0.0000000000 0.0000000000 0.0000000000 0.0000000000 0.0006000000 0.0041000000 0.0143000000 0.0331000000 0.0578000000 0.0820000000 0.0999000000 0.1083000000 0.1073000000 0.0991000000 0.0865000000 0.0722000000 0.0581000000 0.0454000000 0.0346000000 0.0258000000 0.0190000000 0.0138000000 0.0381000000
0.0000000000 0.0000000000 0.0000000000 0.0000000000 0.0000000000 0.0001999800 0.0016998300 0.0068993101 0.0183981602 0.0363963604 0.0575942406 0.0774922508 0.0919908009 0.0990900910 0.0988901110 0.0926907309 0.0827917208 0.0709929007 0.0587941206 0.0474952505 0.0373962604 0.0289971003 0.0220977902 0.0700929907
0.0000000000 0.0000000000 0.0000000000 0.0000000000 0.0000000000 0.0000999800 0.0007998400 0.0035992801 0.0106978604 0.0233953209 0.0404919016 0.0590881824 0.0754849030 0.0870825835 0.0924815037 0.0919816037 0.0866826635 0.0781843631 0.0680863827 0.0574885023 0.0472905419 0.0381923615 0.0302939412 0.1085782843
0.0000000000 0.0000000000 0.0000000000 0.0000000000 0.0000000000 0.0000000000 0.0004000800 0.0020004001 0.0066013203 0.0156031206 0.0291058212 0.0453090618 0.0615123025 0.0750150030 0.0838167634 0.0874174835 0.0862172434 0.0811162232 0.0734146829 0.0644128826 0.0549109822 0.0458091618 0.0375075015 0.1498299660
0.0000000000 0.0000000000 0.0000000000 0.0000000000 0.0000000000 0.0000000000 0.0002000400 0.0012002400 0.0043008602 0.0109021804 0.0216043209 0.0354070814 0.0505101020 0.0644128826 0.0751150230 0.0815163033 0.0833166633 0.0811162232 0.0759151830 0.0686137227 0.0602120424 0.0517103421 0.0434086817 0.1905381076
0.0000000000 0.0000000000 0.0000000000 0.0000000000 0.0000000000 0.0000000000 0.0001000100 0.0008000800 0.0030003000 0.0080008001 0.0165016502 0.0284028403 0.0422042204 0.0558055806 0.0674067407 0.0755075508 0.0795079508 0.0796079608 0.0764076408 0.0708070807 0.0637063706 0.0559055906 0.0480048005 0.2283228323
0.0000000000 0.0000000000 0.0000000000 0.0000000000 0.0000000000 0.0000000000 0.0000999900 0.0005999400 0.0021997800 0.0060993901 0.0131986801 0.0234976502 0.0359964004 0.0490950905 0.0608939106 0.0699930007 0.0754924508 0.0773922608 0.0758924108 0.0717928207 0.0657934207 0.0587941206 0.0513948605 0.2617738226
0.0000000000 0.0000000000 0.0000000000 0.0000000000 0.0000000000 0.0000000000 0.0000999800 0.0003999200 0.0016996601 0.0048990202 0.0108978204 0.0199960008 0.0313937213 0.0438912218 0.0556888622 0.0652869426 0.0718856229 0.0749850030 0.0748850230 0.0719856029 0.0669866027 0.0607878424 0.0537892422 0.2904419116
0.0000000000 0.0000000000 0.0000000000 0.0000000000 0.0000000000 0.0000000000 0.0000000000 0.0003000000 0.0014000000 0.0041000000 0.0093000000 0.0175000000 0.0281000000 0.0400000000 0.0516000000 0.0616000000 0.0688000000 0.0728000000 0.0737000000 0.0717000000 0.0676000000 0.0620000000 0.0555000000 0.3140000000
0.0000000000 0.0000000000 0.0000000000 0.0000000000 0.0000000000 0.0000000000 0.0000000000 0.0003000300 0.0012001200 0.0035003500 0.0082008201 0.0157015702 0.0257025703 0.0371037104 0.0486048605 0.0586058606 0.0663066307 0.0710071007 0.0725072507 0.0713071307 0.0679067907 0.0628062806 0.0567056706 0.3325332533
0.0000000000 0.0000000000 0.0000000000 0.0000000000 0.0000000000 0.0000000000 0.0000000000 0.0002000200 0.0010001000 0.0032003200 0.0075007501 0.0145014501 0.0240024002 0.0351035104 0.0464046405 0.0565056506 0.0644064406 0.0695069507 0.0716071607 0.0709070907 0.0679067907 0.0633063306 0.0575057506 0.3464346435
0.0000000000 0.0000000000 0.0000000000 0.0000000000 0.0000000000 0.0000000000 0.0000000000 0.0001999800 0.0009999000 0.0029997000 0.0070992901 0.0137986201 0.0229977002 0.0336966303 0.0448955104 0.0550944906 0.0630936906 0.0684931507 0.0708929107 0.0705929407 0.0678932107 0.0634936506 0.0579942006 0.3557644236
0.0000000000 0.0000000000 0.0000000000 0.0000000000 0.0000000000 0.0000000000 0.0000000000 0.0002000000 0.0009000000 0.0028000000 0.0068000000 0.0134000000 0.0224000000 0.0330000000 0.0441000000 0.0542000000 0.0624000000 0.0679000000 0.0705000000 0.0704000000 0.0679000000 0.0637000000 0.0582000000 0.3612000000
0.0000000000 0.0000000000 0.0000000000 0.0000000000 0.0000000000 0.0000000000 0.0000000000 0.0001999800 0.0008999100 0.0027997200 0.0067993201 0.0131986801 0.0221977802 0.0327967203 0.0437956204 0.0539946005 0.0621937806 0.0676932307 0.0703929607 0.0702929707 0.0678932107 0.0636936306 0.0582941706 0.3628637136
0.0000000000 0.0000000000 0.0000000000 0.0000000000 0.0000000000 0.0000000000 0.0000000000 0.0002000000 0.0009000000 0.0028000000 0.0068000000 0.0134000000 0.0223000000 0.0330000000 0.0441000000 0.0542000000 0.0624000000 0.0679000000 0.0705000000 0.0704000000 0.0679000000 0.0637000000 0.0582000000 0.3613000000
0.0000000000 0.0000000000 0.0000000000 0.0000000000 0.0000000000 0.0000000000 0.0000000000 0.0002000600 0.0009002701 0.0029008703 0.0070021006 0.0137041112 0.0229068721 0.0336100830 0.0448134440 0.0549164749 0.0630189057 0.0684205262 0.0708212464 0.0705211563 0.0679203761 0.0635190557 0.0580174052 0.3568070421
0.0000000000 0.0000000000 0.0000000000 0.0000000000 0.0000000000 0.0000000000 0.0000000000 0.0002000400 0.0010002000 0.0031006201 0.0074014803 0.0143028606 0.0237047409 0.0346069214 0.0459091818 0.0560112022 0.0640128026 0.0692138428 0.0714142829 0.0708141628 0.0679135827 0.0633126625 0.0576115223 0.3494698940
</ProbTable>
</Entry>
<Entry>
<Instance>a2 - -</Instance>
<ProbTable>1.0000000000 0.0000000000 0.0000000000 0.0000000000 0.0000000000 0.0000000000 0.0000000000 0.0000000000 0.0000000000 0.0000000000 0.0000000000 0.0000000000 0.0000000000 0.0000000000 0.0000000000 0.0000000000 0.0000000000 0.0000000000 0.0000000000 0.0000000000 0.0000000000 0.0000000000 0.0000000000 0.0000000000
1.0000000000 0.0000000000 0.0000000000 0.0000000000 0.0000000000 0.0000000000 0.0000000000 0.0000000000 0.0000000000 0.0000000000 0.0000000000 0.0000000000 0.0000000000 0.0000000000 0.0000000000 0.0000000000 0.0000000000 0.0000000000 0.0000000000 0.0000000000 0.0000000000 0.0000000000 0.0000000000 0.0000000000
0.0000000000 0.0050000000 0.4620000000 0.4051000000 0.1062000000 0.0184000000 0.0028000000 0.0004000000 0.0001000000 0.0000000000 0.0000000000 0.0000000000 0.0000000000 0.0000000000 0.0000000000 0.0000000000 0.0000000000 0.0000000000 0.0000000000 0.0000000000 0.0000000000 0.0000000000 0.0000000000 0.0000000000
0.0000000000 0.0000000000 0.0045009002 0.1020204041 0.2698539708 0.2815563113 0.1837367473 0.0926185237 0.0402080416 0.0160032006 0.0061012202 0.0022004401 0.0008001600 0.0003000600 0.0001000200 0.0000000000 0.0000000000 0.0000000000 0.0000000000 0.0000000000 0.0000000000 0.0000000000 0.0000000000 0.0000000000
0.0000000000 0.0000000000 0.0000000000 0.0052000000 0.0489000000 0.1375000000 0.2015000000 0.2014000000 0.1584000000 0.1065000000 0.0645000000 0.0363000000 0.0195000000 0.0101000000 0.0051000000 0.0026000000 0.0013000000 0.0006000000 0.0003000000 0.0002000000 0.0001000000 0.0000000000 0.0000000000 0.0000000000
0.0000000000 0.0000000000 0.0000000000 0.0002999700 0.0064993501 0.0352964704 0.0888911109 0.1403859614 0.1640835916 0.1564843516 0.1295870413 0.0968903110 0.0672932707 0.0442955704 0.0279972003 0.0171982802 0.0102989701 0.0060993901 0.0034996500 0.0019998000 0.0011998800 0.0006999300 0.0003999600 0.0005999400
0.0000000000 0.0000000000 0.0000000000 0.0000000000 0.0009999000 0.0083991601 0.0313968603 0.0691930807 0.1078892111 0.1327867213 0.1380861914 0.1268873113 0.1063893611 0.0832916708 0.0617938206 0.0439956004 0.0302969703 0.0203979602 0.0134986501 0.0086991301 0.0055994401 0.0035996400 0.0022997700 0.0044995500
0.0000000000 0.0000000000 0.0000000000 0.0000000000 0.0001999800 0.0021997800 0.0109989001 0.0312968703 0.0607939206 0.0908909109 0.1124887511 0.1210878912 0.1171882812 0.1046895310 0.0877912209 0.0699930007 0.0536946305 0.0399960004 0.0289971003 0.0205979402 0.0143985601 0.0098990101 0.0067993201 0.0159984002
0.0000000000 0.0000000000 0.0000000000 0.0000000000 0.0000000000 0.0006000000 0.0041000000 0.0143000000 0.0331000000 0.0578000000 0.0820000000 0.0999000000 0.1083000000 0.1073000000 0.0991000000 0.0865000000 0.0722000000 0.0581000000 0.0454000000 0.0346000000 0.0258000000 0.0190000000 0.0138000000 0.0381000000
0.0000000000 0.0000000000 0.0000000000 0.0000000000 0.0000000000 0.0001999800 0.0016998300 0.0068993101 0.0183981602 0.0363963604 0.0575942406 0.0774922508 0.0919908009 0.0990900910 0.0988901110 0.0926907309 0.0827917208 0.0709929007 0.0587941206 0.0474952505 0.0373962604 0.0289971003 0.0220977902 0.0700929907
0.0000000000 0.0000000000 0.0000000000 0.0000000000 0.0000000000 0.0000999800 0.0007998400 0.0035992801 0.0106978604 0.0233953209 0.0404919016 0.0590881824 0.0754849030 0.0870825835 0.0924815037 0.0919816037 0.0866826635 0.0781843631 0.0680863827 0.0574885023 0.0472905419 0.0381923615 0.0302939412 0.1085782843
0.0000000000 0.0000000000 0.0000000000 0.0000000000 0.0000000000 0.0000000000 0.0004000800 0.0020004001 0.0066013203 0.0156031206 0.0291058212 0.0453090618 0.0615123025 0.0750150030 0.0838167634 0.0874174835 0.0862172434 0.0811162232 0.0734146829 0.0644128826 0.0549109822 0.0458091618 0.0375075015 0.1498299660
0.0000000000 0.0000000000 0.0000000000 0.0000000000 0.0000000000 0.0000000000 0.0002000400 0.0012002400 0.0043008602 0.0109021804 0.0216043209 0.0354070814 0.0505101020 0.0644128826 0.0751150230 0.0815163033 0.0833166633 0.0811162232 0.0759151830 0.0686137227 0.0602120424 0.0517103421 0.0434086817 0.1905381076
0.0000000000 0.0000000000 0.0000000000 0.0000000000 0.0000000000 0.0000000000 0.0001000100 0.0008000800 0.0030003000 0.0080008001 0.0165016502 0.0284028403 0.0422042204 0.0558055806 0.0674067407 0.0755075508 0.0795079508 0.0796079608 0.0764076408 0.0708070807 0.0637063706 0.0559055906 0.0480048005 0.2283228323
0.0000000000 0.0000000000 0.0000000000 0.0000000000 0.0000000000 0.0000000000 0.0000999900 0.0005999400 0.0021997800 0.0060993901 0.0131986801 0.0234976502 0.0359964004 0.0490950905 0.0608939106 0.0699930007 0.0754924508 0.0773922608 0.0758924108 0.0717928207 0.0657934207 0.0587941206 0.0513948605 0.2617738226
0.0000000000 0.0000000000 0.0000000000 0.0000000000 0.0000000000 0.0000000000 0.0000999800 0.0003999200 0.0016996601 0.0048990202 0.0108978204 0.0199960008 0.0313937213 0.0438912218 0.0556888622 0.0652869426 0.0718856229 0.0749850030 0.0748850230 0.0719856029 0.0669866027 0.0607878424 0.0537892422 0.2904419116
0.0000000000 0.0000000000 0.0000000000 0.0000000000 0.0000000000 0.0000000000 0.0000000000 0.0003000000 0.0014000000 0.0041000000 0.0093000000 0.0175000000 0.0281000000 0.0400000000 0.0516000000 0.0616000000 0.0688000000 0.0728000000 0.0737000000 0.0717000000 0.0676000000 0.0620000000 0.0555000000 0.3140000000
0.0000000000 0.0000000000 0.0000000000 0.0000000000 0.0000000000 0.0000000000 0.0000000000 0.0003000300 0.0012001200 0.0035003500 0.0082008201 0.0157015702 0.0257025703 0.0371037104 0.0486048605 0.0586058606 0.0663066307 0.0710071007 0.0725072507 0.0713071307 0.0679067907 0.0628062806 0.0567056706 0.3325332533
0.0000000000 0.0000000000 0.0000000000 0.0000000000 0.0000000000 0.0000000000 0.0000000000 0.0002000200 0.0010001000 0.0032003200 0.0075007501 0.0145014501 0.0240024002 0.0351035104 0.0464046405 0.0565056506 0.0644064406 0.0695069507 0.0716071607 0.0709070907 0.0679067907 0.0633063306 0.0575057506 0.3464346435
0.0000000000 0.0000000000 0.0000000000 0.0000000000 0.0000000000 0.0000000000 0.0000000000 0.0001999800 0.0009999000 0.0029997000 0.0070992901 0.0137986201 0.0229977002 0.0336966303 0.0448955104 0.0550944906 0.0630936906 0.0684931507 0.0708929107 0.0705929407 0.0678932107 0.0634936506 0.0579942006 0.3557644236
0.0000000000 0.0000000000 0.0000000000 0.0000000000 0.0000000000 0.0000000000 0.0000000000 0.0002000000 0.0009000000 0.0028000000 0.0068000000 0.0134000000 0.0224000000 0.0330000000 0.0441000000 0.0542000000 0.0624000000 0.0679000000 0.0705000000 0.0704000000 0.0679000000 0.0637000000 0.0582000000 0.3612000000
0.0000000000 0.0000000000 0.0000000000 0.0000000000 0.0000000000 0.0000000000 0.0000000000 0.0001999800 0.0008999100 0.0027997200 0.0067993201 0.0131986801 0.0221977802 0.0327967203 0.0437956204 0.0539946005 0.0621937806 0.0676932307 0.0703929607 0.0702929707 0.0678932107 0.0636936306 0.0582941706 0.3628637136
0.0000000000 0.0000000000 0.0000000000 0.0000000000 0.0000000000 0.0000000000 0.0000000000 0.0002000000 0.0009000000 0.0028000000 0.0068000000 0.0134000000 0.0223000000 0.0330000000 0.0441000000 0.0542000000 0.0624000000 0.0679000000 0.0705000000 0.0704000000 0.0679000000 0.0637000000 0.0582000000 0.3613000000
0.0000000000 0.0000000000 0.0000000000 0.0000000000 0.0000000000 0.0000000000 0.0000000000 0.0002000600 0.0009002701 0.0029008703 0.0070021006 0.0137041112 0.0229068721 0.0336100830 0.0448134440 0.0549164749 0.0630189057 0.0684205262 0.0708212464 0.0705211563 0.0679203761 0.0635190557 0.0580174052 0.3568070421
</ProbTable>
</Entry>
<Entry>
<Instance>a3 - -</Instance>
<ProbTable>1.0000000000 0.0000000000 0.0000000000 0.0000000000 0.0000000000 0.0000000000 0.0000000000 0.0000000000 0.0000000000 0.0000000000 0.0000000000 0.0000000000 0.0000000000 0.0000000000 0.0000000000 0.0000000000 0.0000000000 0.0000000000 0.0000000000 0.0000000000 0.0000000000 0.0000000000 0.0000000000 0.0000000000
1.0000000000 0.0000000000 0.0000000000 0.0000000000 0.0000000000 0.0000000000 0.0000000000 0.0000000000 0.0000000000 0.0000000000 0.0000000000 0.0000000000 0.0000000000 0.0000000000 0.0000000000 0.0000000000 0.0000000000 0.0000000000 0.0000000000 0.0000000000 0.0000000000 0.0000000000 0.0000000000 0.0000000000
1.0000000000 0.0000000000 0.0000000000 0.0000000000 0.0000000000 0.0000000000 0.0000000000 0.0000000000 0.0000000000 0.0000000000 0.0000000000 0.0000000000 0.0000000000 0.0000000000 0.0000000000 0.0000000000 0.0000000000 0.0000000000 0.0000000000 0.0000000000 0.0000000000 0.0000000000 0.0000000000 0.0000000000
0.0000000000 0.0050000000 0.4620000000 0.4051000000 0.1062000000 0.0184000000 0.0028000000 0.0004000000 0.0001000000 0.0000000000 0.0000000000 0.0000000000 0.0000000000 0.0000000000 0.0000000000 0.0000000000 0.0000000000 0.0000000000 0.0000000000 0.0000000000 0.0000000000 0.0000000000 0.0000000000 0.0000000000
0.0000000000 0.0000000000 0.0045009002 0.1020204041 0.2698539708 0.2815563113 0.1837367473 0.0926185237 0.0402080416 0.0160032006 0.0061012202 0.0022004401 0.0008001600 0.0003000600 0.0001000200 0.0000000000 0.0000000000 0.0000000000 0.0000000000 0.0000000000 0.0000000000 0.0000000000 0.0000000000 0.0000000000
0.0000000000 0.0000000000 0.0000000000 0.0052000000 0.0489000000 0.1375000000 0.2015000000 0.2014000000 0.1584000000 0.1065000000 0.0645000000 0.0363000000 0.0195000000 0.0101000000 0.0051000000 0.0026000000 0.0013000000 0.0006000000 0.0003000000 0.0002000000 0.0001000000 0.0000000000 0.0000000000 0.0000000000
0.0000000000 0.0000000000 0.0000000000 0.0002999700 0.0064993501 0.0352964704 0.0888911109 0.1403859614 0.1640835916 0.1564843516 0.1295870413 0.0968903110 0.0672932707 0.0442955704 0.0279972003 0.0171982802 0.0102989701 0.0060993901 0.0034996500 0.0019998000 0.0011998800 0.0006999300 0.0003999600 0.0005999400
0.0000000000 0.0000000000 0.0000000000 0.0000000000 0.0009999000 0.0083991601 0.0313968603 0.0691930807 0.1078892111 0.1327867213 0.1380861914 0.1268873113 0.1063893611 0.0832916708 0.0617938206 0.0439956004 0.0302969703 0.0203979602 0.0134986501 0.0086991301 0.0055994401 0.0035996400 0.0022997700 0.0044995500
0.0000000000 0.0000000000 0.0000000000 0.0000000000 0.0001999800 0.0021997800 0.0109989001 0.0312968703 0.0607939206 0.0908909109 0.1124887511 0.1210878912 0.1171882812 0.1046895310 0.0877912209 0.0699930007 0.0536946305 0.0399960004 0.0289971003 0.0205979402 0.0143985601 0.0098990101 0.0067993201 0.0159984002
0.0000000000 0.0000000000 0.0000000000 0.0000000000 0.0000000000 0.0006000000 0.0041000000 0.0143000000 0.0331000000 0.0578000000 0.0820000000 0.0999000000 0.1083000000 0.1073000000 0.0991000000 0.0865000000 0.0722000000 0.0581000000 0.0454000000 0.0346000000 0.0258000000 0.0190000000 0.0138000000 0.0381000000
0.0000000000 0.0000000000 0.0000000000 0.0000000000 0.0000000000 0.0001999800 0.0016998300 0.0068993101 0.0183981602 0.0363963604 0.0575942406 0.0774922508 0.0919908009 0.0990900910 0.0988901110 0.0926907309 0.0827917208 0.0709929007 0.0587941206 0.0474952505 0.0373962604 0.0289971003 0.0220977902 0.0700929907
0.0000000000 0.0000000000 0.0000000000 0.0000000000 0.0000000000 0.0000999800 0.0007998400 0.0035992801 0.0106978604 0.0233953209 0.0404919016 0.0590881824 0.0754849030 0.0870825835 0.0924815037 0.0919816037 0.0866826635 0.0781843631 0.0680863827 0.0574885023 0.0472905419 0.0381923615 0.0302939412 0.1085782843
0.0000000000 0.0000000000 0.0000000000 0.0000000000 0.0000000000 0.0000000000 0.0004000800 0.0020004001 0.0066013203 0.0156031206 0.0291058212 0.0453090618 0.0615123025 0.0750150030 0.0838167634 0.0874174835 0.0862172434 0.0811162232 0.0734146829 0.0644128826 0.0549109822 0.0458091618 0.0375075015 0.1498299660
0.0000000000 0.0000000000 0.0000000000 0.0000000000 0.0000000000 0.0000000000 0.0002000400 0.0012002400 0.0043008602 0.0109021804 0.0216043209 0.0354070814 0.0505101020 0.0644128826 0.0751150230 0.0815163033 0.0833166633 0.0811162232 0.0759151830 0.0686137227 0.0602120424 0.0517103421 0.0434086817 0.1905381076
0.0000000000 0.0000000000 0.0000000000 0.0000000000 0.0000000000 0.0000000000 0.0001000100 0.0008000800 0.0030003000 0.0080008001 0.0165016502 0.0284028403 0.0422042204 0.0558055806 0.0674067407 0.0755075508 0.0795079508 0.0796079608 0.0764076408 0.0708070807 0.0637063706 0.0559055906 0.0480048005 0.2283228323
0.0000000000 0.0000000000 0.0000000000 0.0000000000 0.0000000000 0.0000000000 0.0000999900 0.0005999400 0.0021997800 0.0060993901 0.0131986801 0.0234976502 0.0359964004 0.0490950905 0.0608939106 0.0699930007 0.0754924508 0.0773922608 0.0758924108 0.0717928207 0.0657934207 0.0587941206 0.0513948605 0.2617738226
0.0000000000 0.0000000000 0.0000000000 0.0000000000 0.0000000000 0.0000000000 0.0000999800 0.0003999200 0.0016996601 0.0048990202 0.0108978204 0.0199960008 0.0313937213 0.0438912218 0.0556888622 0.0652869426 0.0718856229 0.0749850030 0.0748850230 0.0719856029 0.0669866027 0.0607878424 0.0537892422 0.2904419116
0.0000000000 0.0000000000 0.0000000000 0.0000000000 0.0000000000 0.0000000000 0.0000000000 0.0003000000 0.0014000000 0.0041000000 0.0093000000 0.0175000000 0.0281000000 0.0400000000 0.0516000000 0.0616000000 0.0688000000 0.0728000000 0.0737000000 0.0717000000 0.0676000000 0.0620000000 0.0555000000 0.3140000000
0.0000000000 0.0000000000 0.0000000000 0.0000000000 0.0000000000 0.0000000000 0.0000000000 0.0003000300 0.0012001200 0.0035003500 0.0082008201 0.0157015702 0.0257025703 0.0371037104 0.0486048605 0.0586058606 0.0663066307 0.0710071007 0.0725072507 0.0713071307 0.0679067907 0.0628062806 0.0567056706 0.3325332533
0.0000000000 0.0000000000 0.0000000000 0.0000000000 0.0000000000 0.0000000000 0.0000000000 0.0002000200 0.0010001000 0.0032003200 0.0075007501 0.0145014501 0.0240024002 0.0351035104 0.0464046405 0.0565056506 0.0644064406 0.0695069507 0.0716071607 0.0709070907 0.0679067907 0.0633063306 0.0575057506 0.3464346435
0.0000000000 0.0000000000 0.0000000000 0.0000000000 0.0000000000 0.0000000000 0.0000000000 0.0001999800 0.0009999000 0.0029997000 0.0070992901 0.0137986201 0.0229977002 0.0336966303 0.0448955104 0.0550944906 0.0630936906 0.0684931507 0.0708929107 0.0705929407 0.0678932107 0.0634936506 0.0579942006 0.3557644236
0.0000000000 0.0000000000 0.0000000000 0.0000000000 0.0000000000 0.0000000000 0.0000000000 0.0002000000 0.0009000000 0.0028000000 0.0068000000 0.0134000000 0.0224000000 0.0330000000 0.0441000000 0.0542000000 0.0624000000 0.0679000000 0.0705000000 0.0704000000 0.0679000000 0.0637000000 0.0582000000 0.3612000000
0.0000000000 0.0000000000 0.0000000000 0.0000000000 0.0000000000 0.0000000000 0.0000000000 0.0001999800 0.0008999100 0.0027997200 0.0067993201 0.0131986801 0.0221977802 0.0327967203 0.0437956204 0.0539946005 0.0621937806 0.0676932307 0.0703929607 0.0702929707 0.0678932107 0.0636936306 0.0582941706 0.3628637136
0.0000000000 0.0000000000 0.0000000000 0.0000000000 0.0000000000 0.0000000000 0.0000000000 0.0002000000 0.0009000000 0.0028000000 0.0068000000 0.0134000000 0.0223000000 0.0330000000 0.0441000000 0.0542000000 0.0624000000 0.0679000000 0.0705000000 0.0704000000 0.0679000000 0.0637000000 0.0582000000 0.3613000000
</ProbTable>
</Entry>
<Entry>
<Instance>a4 - -</Instance>
<ProbTable>1.0000000000 0.0000000000 0.0000000000 0.0000000000 0.0000000000 0.0000000000 0.0000000000 0.0000000000 0.0000000000 0.0000000000 0.0000000000 0.0000000000 0.0000000000 0.0000000000 0.0000000000 0.0000000000 0.0000000000 0.0000000000 0.0000000000 0.0000000000 0.0000000000 0.0000000000 0.0000000000 0.0000000000
1.0000000000 0.0000000000 0.0000000000 0.0000000000 0.0000000000 0.0000000000 0.0000000000 0.0000000000 0.0000000000 0.0000000000 0.0000000000 0.0000000000 0.0000000000 0.0000000000 0.0000000000 0.0000000000 0.0000000000 0.0000000000 0.0000000000 0.0000000000 0.0000000000 0.0000000000 0.0000000000 0.0000000000
1.0000000000 0.0000000000 0.0000000000 0.0000000000 0.0000000000 0.0000000000 0.0000000000 0.0000000000 0.0000000000 0.0000000000 0.0000000000 0.0000000000 0.0000000000 0.0000000000 0.0000000000 0.0000000000 0.0000000000 0.0000000000 0.0000000000 0.0000000000 0.0000000000 0.0000000000 0.0000000000 0.0000000000
1.0000000000 0.0000000000 0.0000000000 0.0000000000 0.0000000000 0.0000000000 0.0000000000 0.0000000000 0.0000000000 0.0000000000 0.0000000000 0.0000000000 0.0000000000 0.0000000000 0.0000000000 0.0000000000 0.0000000000 0.0000000000 0.0000000000 0.0000000000 0.0000000000 0.0000000000 0.0000000000 0.0000000000
0.0000000000 0.0050000000 0.4620000000 0.4051000000 0.1062000000 0.0184000000 0.0028000000 0.0004000000 0.0001000000 0.0000000000 0.0000000000 0.0000000000 0.0000000000 0.0000000000 0.0000000000 0.0000000000 0.0000000000 0.0000000000 0.0000000000 0.0000000000 0.0000000000 0.0000000000 0.0000000000 0.0000000000
0.0000000000 0.0000000000 0.0045009002 0.1020204041 0.2698539708 0.2815563113 0.1837367473 0.0926185237 0.0402080416 0.0160032006 0.0061012202 0.0022004401 0.0008001600 0.0003000600 0.0001000200 0.0000000000 0.0000000000 0.0000000000 0.0000000000 0.0000000000 0.0000000000 0.0000000000 0.0000000000 0.0000000000
0.0000000000 0.0000000000 0.0000000000 0.0052000000 0.0489000000 0.1375000000 0.2015000000 0.2014000000 0.1584000000 0.1065000000 0.0645000000 0.0363000000 0.0195000000 0.0101000000 0.0051000000 0.0026000000 0.0013000000 0.0006000000 0.0003000000 0.0002000000 0.0001000000 0.0000000000 0.0000000000 0.0000000000
0.0000000000 0.0000000000 0.0000000000 0.0002999700 0.0064993501 0.0352964704 0.0888911109 0.1403859614 0.1640835916 0.1564843516 0.1295870413 0.0968903110 0.0672932707 0.0442955704 0.0279972003 0.0171982802 0.0102989701 0.0060993901 0.0034996500 0.0019998000 0.0011998800 0.0006999300 0.0003999600 0.0005999400
0.0000000000 0.0000000000 0.0000000000 0.0000000000 0.0009999000 0.0083991601 0.0313968603 0.0691930807 0.1078892111 0.1327867213 0.1380861914 0.1268873113 0.1063893611 0.0832916708 0.0617938206 0.0439956004 0.0302969703 0.0203979602 0.0134986501 0.0086991301 0.0055994401 0.0035996400 0.0022997700 0.0044995500
0.0000000000 0.0000000000 0.0000000000 0.0000000000 0.0001999800 0.0021997800 0.0109989001 0.0312968703 0.0607939206 0.0908909109 0.1124887511 0.1210878912 0.1171882812 0.1046895310 0.0877912209 0.0699930007 0.0536946305 0.0399960004 0.0289971003 0.0205979402 0.0143985601 0.0098990101 0.0067993201 0.0159984002
0.0000000000 0.0000000000 0.0000000000 0.0000000000 0.0000000000 0.0006000000 0.0041000000 0.0143000000 0.0331000000 0.0578000000 0.0820000000 0.0999000000 0.1083000000 0.1073000000 0.0991000000 0.0865000000 0.0722000000 0.0581000000 0.0454000000 0.0346000000 0.0258000000 0.0190000000 0.0138000000 0.0381000000
0.0000000000 0.0000000000 0.0000000000 0.0000000000 0.0000000000 0.0001999800 0.0016998300 0.0068993101 0.0183981602 0.0363963604 0.0575942406 0.0774922508 0.0919908009 0.0990900910 0.0988901110 0.0926907309 0.0827917208 0.0709929007 0.0587941206 0.0474952505 0.0373962604 0.0289971003 0.0220977902 0.0700929907
0.0000000000 0.0000000000 0.0000000000 0.0000000000 0.0000000000 0.0000999800 0.0007998400 0.0035992801 0.0106978604 0.0233953209 0.0404919016 0.0590881824 0.0754849030 0.0870825835 0.0924815037 0.0919816037 0.0866826635 0.0781843631 0.0680863827 0.0574885023 0.0472905419 0.0381923615 0.0302939412 0.1085782843
0.0000000000 0.0000000000 0.0000000000 0.0000000000 0.0000000000 0.0000000000 0.0004000800 0.0020004001 0.0066013203 0.0156031206 0.0291058212 0.0453090618 0.0615123025 0.0750150030 0.0838167634 0.0874174835 0.0862172434 0.0811162232 0.0734146829 0.0644128826 0.0549109822 0.0458091618 0.0375075015 0.1498299660
0.0000000000 0.0000000000 0.0000000000 0.0000000000 0.0000000000 0.0000000000 0.0002000400 0.0012002400 0.0043008602 0.0109021804 0.0216043209 0.0354070814 0.0505101020 0.0644128826 0.0751150230 0.0815163033 0.0833166633 0.0811162232 0.0759151830 0.0686137227 0.0602120424 0.0517103421 0.0434086817 0.1905381076
0.0000000000 0.0000000000 0.0000000000 0.0000000000 0.0000000000 0.0000000000 0.0001000100 0.0008000800 0.0030003000 0.0080008001 0.0165016502 0.0284028403 0.0422042204 0.0558055806 0.0674067407 0.0755075508 0.0795079508 0.0796079608 0.0764076408 0.0708070807 0.0637063706 0.0559055906 0.0480048005 0.2283228323
0.0000000000 0.0000000000 0.0000000000 0.0000000000 0.0000000000 0.0000000000 0.0000999900 0.0005999400 0.0021997800 0.0060993901 0.0131986801 0.0234976502 0.0359964004 0.0490950905 0.0608939106 0.0699930007 0.0754924508 0.0773922608 0.0758924108 0.0717928207 0.0657934207 0.0587941206 0.0513948605 0.2617738226
0.0000000000 0.0000000000 0.0000000000 0.0000000000 0.0000000000 0.0000000000 0.0000999800 0.0003999200 0.0016996601 0.0048990202 0.0108978204 0.0199960008 0.0313937213 0.0438912218 0.0556888622 0.0652869426 0.0718856229 0.0749850030 0.0748850230 0.0719856029 0.0669866027 0.0607878424 0.0537892422 0.2904419116
0.0000000000 0.0000000000 0.0000000000 0.0000000000 0.0000000000 0.0000000000 0.0000000000 0.0003000000 0.0014000000 0.0041000000 0.0093000000 0.0175000000 0.0281000000 0.0400000000 0.0516000000 0.0616000000 0.0688000000 0.0728000000 0.0737000000 0.0717000000 0.0676000000 0.0620000000 0.0555000000 0.3140000000
0.0000000000 0.0000000000 0.0000000000 0.0000000000 0.0000000000 0.0000000000 0.0000000000 0.0003000300 0.0012001200 0.0035003500 0.0082008201 0.0157015702 0.0257025703 0.0371037104 0.0486048605 0.0586058606 0.0663066307 0.0710071007 0.0725072507 0.0713071307 0.0679067907 0.0628062806 0.0567056706 0.3325332533
0.0000000000 0.0000000000 0.0000000000 0.0000000000 0.0000000000 0.0000000000 0.0000000000 0.0002000200 0.0010001000 0.0032003200 0.0075007501 0.0145014501 0.0240024002 0.0351035104 0.0464046405 0.0565056506 0.0644064406 0.0695069507 0.0716071607 0.0709070907 0.0679067907 0.0633063306 0.0575057506 0.3464346435
0.0000000000 0.0000000000 0.0000000000 0.0000000000 0.0000000000 0.0000000000 0.0000000000 0.0001999800 0.0009999000 0.0029997000 0.0070992901 0.0137986201 0.0229977002 0.0336966303 0.0448955104 0.0550944906 0.0630936906 0.0684931507 0.0708929107 0.0705929407 0.0678932107 0.0634936506 0.0579942006 0.3557644236
0.0000000000 0.0000000000 0.0000000000 0.0000000000 0.0000000000 0.0000000000 0.0000000000 0.0002000000 0.0009000000 0.0028000000 0.0068000000 0.0134000000 0.0224000000 0.0330000000 0.0441000000 0.0542000000 0.0624000000 0.0679000000 0.0705000000 0.0704000000 0.0679000000 0.0637000000 0.0582000000 0.3612000000
0.0000000000 0.0000000000 0.0000000000 0.0000000000 0.0000000000 0.0000000000 0.0000000000 0.0001999800 0.0008999100 0.0027997200 0.0067993201 0.0131986801 0.0221977802 0.0327967203 0.0437956204 0.0539946005 0.0621937806 0.0676932307 0.0703929607 0.0702929707 0.0678932107 0.0636936306 0.0582941706 0.3628637136
</ProbTable>
</Entry>
<Entry>
<Instance>a5 - -</Instance>
<ProbTable>1.0000000000 0.0000000000 0.0000000000 0.0000000000 0.0000000000 0.0000000000 0.0000000000 0.0000000000 0.0000000000 0.0000000000 0.0000000000 0.0000000000 0.0000000000 0.0000000000 0.0000000000 0.0000000000 0.0000000000 0.0000000000 0.0000000000 0.0000000000 0.0000000000 0.0000000000 0.0000000000 0.0000000000
1.0000000000 0.0000000000 0.0000000000 0.0000000000 0.0000000000 0.0000000000 0.0000000000 0.0000000000 0.0000000000 0.0000000000 0.0000000000 0.0000000000 0.0000000000 0.0000000000 0.0000000000 0.0000000000 0.0000000000 0.0000000000 0.0000000000 0.0000000000 0.0000000000 0.0000000000 0.0000000000 0.0000000000
1.0000000000 0.0000000000 0.0000000000 0.0000000000 0.0000000000 0.0000000000 0.0000000000 0.0000000000 0.0000000000 0.0000000000 0.0000000000 0.0000000000 0.0000000000 0.0000000000 0.0000000000 0.0000000000 0.0000000000 0.0000000000 0.0000000000 0.0000000000 0.0000000000 0.0000000000 0.0000000000 0.0000000000
1.0000000000 0.0000000000 0.0000000000 0.0000000000 0.0000000000 0.0000000000 0.0000000000 0.0000000000 0.0000000000 0.0000000000 0.0000000000 0.0000000000 0.0000000000 0.0000000000 0.0000000000 0.0000000000 0.0000000000 0.0000000000 0.0000000000 0.0000000000 0.0000000000 0.0000000000 0.0000000000 0.0000000000
1.0000000000 0.0000000000 0.0000000000 0.0000000000 0.0000000000 0.0000000000 0.0000000000 0.0000000000 0.0000000000 0.0000000000 0.0000000000 0.0000000000 0.0000000000 0.0000000000 0.0000000000 0.0000000000 0.0000000000 0.0000000000 0.0000000000 0.0000000000 0.0000000000 0.0000000000 0.0000000000 0.0000000000
0.0000000000 0.0050000000 0.4620000000 0.4051000000 0.1062000000 0.0184000000 0.0028000000 0.0004000000 0.0001000000 0.0000000000 0.0000000000 0.0000000000 0.0000000000 0.0000000000 0.0000000000 0.0000000000 0.0000000000 0.0000000000 0.0000000000 0.0000000000 0.0000000000 0.0000000000 0.0000000000 0.0000000000
0.0000000000 0.0000000000 0.0045009002 0.1020204041 0.2698539708 0.2815563113 0.1837367473 0.0926185237 0.0402080416 0.0160032006 0.0061012202 0.0022004401 0.0008001600 0.0003000600 0.0001000200 0.0000000000 0.0000000000 0.0000000000 0.0000000000 0.0000000000 0.0000000000 0.0000000000 0.0000000000 0.0000000000
0.0000000000 0.0000000000 0.0000000000 0.0052000000 0.0489000000 0.1375000000 0.2015000000 0.2014000000 0.1584000000 0.1065000000 0.0645000000 0.0363000000 0.0195000000 0.0101000000 0.0051000000 0.0026000000 0.0013000000 0.0006000000 0.0003000000 0.0002000000 0.0001000000 0.0000000000 0.0000000000 0.0000000000
0.0000000000 0.0000000000 0.0000000000 0.0002999700 0.0064993501 0.0352964704 0.0888911109 0.1403859614 0.1640835916 0.1564843516 0.1295870413 0.0968903110 0.0672932707 0.0442955704 0.0279972003 0.0171982802 0.0102989701 0.0060993901 0.0034996500 0.0019998000 0.0011998800 0.0006999300 0.0003999600 0.0005999400
0.0000000000 0.0000000000 0.0000000000 0.0000000000 0.0009999000 0.0083991601 0.0313968603 0.0691930807 0.1078892111 0.1327867213 0.1380861914 0.1268873113 0.1063893611 0.0832916708 0.0617938206 0.0439956004 0.0302969703 0.0203979602 0.0134986501 0.0086991301 0.0055994401 0.0035996400 0.0022997700 0.0044995500
0.0000000000 0.0000000000 0.0000000000 0.0000000000 0.0001999800 0.0021997800 0.0109989001 0.0312968703 0.0607939206 0.0908909109 0.1124887511 0.1210878912 0.1171882812 0.1046895310 0.0877912209 0.0699930007 0.0536946305 0.0399960004 0.0289971003 0.0205979402 0.0143985601 0.0098990101 0.0067993201 0.0159984002
0.0000000000 0.0000000000 0.0000000000 0.0000000000 0.0000000000 0.0006000000 0.0041000000 0.0143000000 0.0331000000 0.0578000000 0.0820000000 0.0999000000 0.1083000000 0.1073000000 0.0991000000 0.0865000000 0.0722000000 0.0581000000 0.0454000000 0.0346000000 0.0258000000 0.0190000000 0.0138000000 0.0381000000
0.0000000000 0.0000000000 0.0000000000 0.0000000000 0.0000000000 0.0001999800 0.0016998300 0.0068993101 0.0183981602 0.0363963604 0.0575942406 0.0774922508 0.0919908009 0.0990900910 0.0988901110 0.0926907309 0.0827917208 0.0709929007 0.0587941206 0.0474952505 0.0373962604 0.0289971003 0.0220977902 0.0700929907
0.0000000000 0.0000000000 0.0000000000 0.0000000000 0.0000000000 0.0000999800 0.0007998400 0.0035992801 0.0106978604 0.0233953209 0.0404919016 0.0590881824 0.0754849030 0.0870825835 0.0924815037 0.0919816037 0.0866826635 0.0781843631 0.0680863827 0.0574885023 0.0472905419 0.0381923615 0.0302939412 0.1085782843
0.0000000000 0.0000000000 0.0000000000 0.0000000000 0.0000000000 0.0000000000 0.0004000800 0.0020004001 0.0066013203 0.0156031206 0.0291058212 0.0453090618 0.0615123025 0.0750150030 0.0838167634 0.0874174835 0.0862172434 0.0811162232 0.0734146829 0.0644128826 0.0549109822 0.0458091618 0.0375075015 0.1498299660
0.0000000000 0.0000000000 0.0000000000 0.0000000000 0.0000000000 0.0000000000 0.0002000400 0.0012002400 0.0043008602 0.0109021804 0.0216043209 0.0354070814 0.0505101020 0.0644128826 0.0751150230 0.0815163033 0.0833166633 0.0811162232 0.0759151830 0.0686137227 0.0602120424 0.0517103421 0.0434086817 0.1905381076
0.0000000000 0.0000000000 0.0000000000 0.0000000000 0.0000000000 0.0000000000 0.0001000100 0.0008000800 0.0030003000 0.0080008001 0.0165016502 0.0284028403 0.0422042204 0.0558055806 0.0674067407 0.0755075508 0.0795079508 0.0796079608 0.0764076408 0.0708070807 0.0637063706 0.0559055906 0.0480048005 0.2283228323
0.0000000000 0.0000000000 0.0000000000 0.0000000000 0.0000000000 0.0000000000 0.0000999900 0.0005999400 0.0021997800 0.0060993901 0.0131986801 0.0234976502 0.0359964004 0.0490950905 0.0608939106 0.0699930007 0.0754924508 0.0773922608 0.0758924108 0.0717928207 0.0657934207 0.0587941206 0.0513948605 0.2617738226
0.0000000000 0.0000000000 0.0000000000 0.0000000000 0.0000000000 0.0000000000 0.0000999800 0.0003999200 0.0016996601 0.0048990202 0.0108978204 0.0199960008 0.0313937213 0.0438912218 0.0556888622 0.0652869426 0.0718856229 0.0749850030 0.0748850230 0.0719856029 0.0669866027 0.0607878424 0.0537892422 0.2904419116
0.0000000000 0.0000000000 0.0000000000 0.0000000000 0.0000000000 0.0000000000 0.0000000000 0.0003000000 0.0014000000 0.0041000000 0.0093000000 0.0175000000 0.0281000000 0.0400000000 0.0516000000 0.0616000000 0.0688000000 0.0728000000 0.0737000000 0.0717000000 0.0676000000 0.0620000000 0.0555000000 0.3140000000
0.0000000000 0.0000000000 0.0000000000 0.0000000000 0.0000000000 0.0000000000 0.0000000000 0.0003000300 0.0012001200 0.0035003500 0.0082008201 0.0157015702 0.0257025703 0.0371037104 0.0486048605 0.0586058606 0.0663066307 0.0710071007 0.0725072507 0.0713071307 0.0679067907 0.0628062806 0.0567056706 0.3325332533
0.0000000000 0.0000000000 0.0000000000 0.0000000000 0.0000000000 0.0000000000 0.0000000000 0.0002000200 0.0010001000 0.0032003200 0.0075007501 0.0145014501 0.0240024002 0.0351035104 0.0464046405 0.0565056506 0.0644064406 0.0695069507 0.0716071607 0.0709070907 0.0679067907 0.0633063306 0.0575057506 0.3464346435
0.0000000000 0.0000000000 0.0000000000 0.0000000000 0.0000000000 0.0000000000 0.0000000000 0.0001999800 0.0009999000 0.0029997000 0.0070992901 0.0137986201 0.0229977002 0.0336966303 0.0448955104 0.0550944906 0.0630936906 0.0684931507 0.0708929107 0.0705929407 0.0678932107 0.0634936506 0.0579942006 0.3557644236
0.0000000000 0.0000000000 0.0000000000 0.0000000000 0.0000000000 0.0000000000 0.0000000000 0.0002000000 0.0009000000 0.0028000000 0.0068000000 0.0134000000 0.0224000000 0.0330000000 0.0441000000 0.0542000000 0.0624000000 0.0679000000 0.0705000000 0.0704000000 0.0679000000 0.0637000000 0.0582000000 0.3612000000
</ProbTable>
</Entry>
<Entry>
<Instance>a6 - -</Instance>
<ProbTable>1.0000000000 0.0000000000 0.0000000000 0.0000000000 0.0000000000 0.0000000000 0.0000000000 0.0000000000 0.0000000000 0.0000000000 0.0000000000 0.0000000000 0.0000000000 0.0000000000 0.0000000000 0.0000000000 0.0000000000 0.0000000000 0.0000000000 0.0000000000 0.0000000000 0.0000000000 0.0000000000 0.0000000000
1.0000000000 0.0000000000 0.0000000000 0.0000000000 0.0000000000 0.0000000000 0.0000000000 0.0000000000 0.0000000000 0.0000000000 0.0000000000 0.0000000000 0.0000000000 0.0000000000 0.0000000000 0.0000000000 0.0000000000 0.0000000000 0.0000000000 0.0000000000 0.0000000000 0.0000000000 0.0000000000 0.0000000000
